SIZE 750 750

SETFILL 255 255 255

POLYGON 350.0 250.0 320.71067811865476 320.71067811865476
250.0 350.0
179.28932188134524 320.71067811865476
150.0 250.0
179.28932188134524 179.28932188134524
249.99999999999997 150.0
320.71067811865476 179.28932188134524

ARC 350 350 75 150 270 50

SETFILL 100 200 60
SETSTROKE 255 0 0

ELLIPSE 400 100 75 150

SETSTROKE 255 0 255

LINETO 0 0
LINETO 100 150
LINETO 500 500
LINETO 200 300

SETSTROKE 255 255 128

TEXT 400 250 Hello my dude
END

SIZE 500 500
LINE 350.0 250.0 320.71067811865476 320.71067811865476
LINE 320.71067811865476 320.71067811865476 250.0 350.0
LINE 250.0 350.0 179.28932188134524 320.71067811865476
LINE 179.28932188134524 320.71067811865476 150.0 250.0
LINE 150.0 250.0 179.28932188134524 179.28932188134524
LINE 179.28932188134524 179.28932188134524 249.99999999999997 150.0
LINE 249.99999999999997 150.0 320.71067811865476 179.28932188134524
LINE 320.71067811865476 179.28932188134524 350.0 249.99999999999997
END
